i 10 29 21
i 10 9 0
i 10 45 45
q 10 37 26
q 10 45 54
q 10 45 29
h 10 30 22
h 10 9 0
h 10 45 45
i 20 129 112
i 20 19 0
i 20 190 190
q 20 74 54
q 20 190 209
q 20 190 109
h 20 76 55
h 20 154 155
h 20 190 125
i 30 225 201
i 30 29 0
i 30 435 435
q 30 116 90
q 30 435 464
q 30 435 239
h 30 136 71
h 30 399 410
h 30 435 255
i 40 427 392
i 40 39 0
i 40 780 780
q 40 165 115
q 40 780 819
q 40 780 419
h 40 225 140
h 40 744 765
h 40 780 435
i 50 630 583
i 50 49 0
i 50 1225 1225
q 50 285 164
q 50 1225 1274
q 50 1225 649
h 50 304 203
h 50 1189 1220
h 50 1225 665
i 10 27 19
i 10 9 0
i 10 45 45
q 10 27 28
q 10 45 54
q 10 45 29
h 10 25 17
h 10 9 0
h 10 45 45
i 20 114 97
i 20 19 0
i 20 190 190
q 20 61 43
q 20 190 209
q 20 190 109
h 20 83 51
h 20 154 155
h 20 190 125
i 30 275 249
i 30 29 0
i 30 435 435
q 30 159 95
q 30 435 464
q 30 435 239
h 30 120 71
h 30 399 410
h 30 435 255
i 40 484 451
i 40 39 0
i 40 780 780
q 40 198 127
q 40 780 819
q 40 780 419
h 40 192 116
h 40 744 765
h 40 780 435
i 50 643 596
i 50 49 0
i 50 1225 1225
q 50 248 168
q 50 1225 1274
q 50 1225 649
h 50 260 167
h 50 1189 1220
h 50 1225 665
i 10 28 20
i 10 9 0
i 10 45 45
q 10 21 19
q 10 45 54
q 10 45 29
h 10 26 19
h 10 9 0
h 10 45 45
i 20 124 109
i 20 19 0
i 20 190 190
q 20 62 51
q 20 190 209
q 20 190 109
h 20 71 46
h 20 154 155
h 20 190 125
i 30 230 204
i 30 29 0
i 30 435 435
q 30 122 81
q 30 435 464
q 30 435 239
h 30 134 81
h 30 399 410
h 30 435 255
i 40 384 345
i 40 39 0
i 40 780 780
q 40 203 160
q 40 780 819
q 40 780 419
h 40 223 167
h 40 744 765
h 40 780 435
i 50 729 686
i 50 49 0
i 50 1225 1225
q 50 315 227
q 50 1225 1274
q 50 1225 649
h 50 240 140
h 50 1189 1220
h 50 1225 665
i 10 30 21
i 10 9 0
i 10 45 45
q 10 23 16
q 10 45 54
q 10 45 29
h 10 24 17
h 10 9 0
h 10 45 45
i 20 108 91
i 20 19 0
i 20 190 190
q 20 82 52
q 20 190 209
q 20 190 109
h 20 63 35
h 20 154 155
h 20 190 125
i 30 247 224
i 30 29 0
i 30 435 435
q 30 126 79
q 30 435 464
q 30 435 239
h 30 114 69
h 30 399 410
h 30 435 255
i 40 480 446
i 40 39 0
i 40 780 780
q 40 173 104
q 40 780 819
q 40 780 419
h 40 185 132
h 40 744 765
h 40 780 435
i 50 751 705
i 50 49 0
i 50 1225 1225
q 50 243 201
q 50 1225 1274
q 50 1225 649
h 50 252 160
h 50 1189 1220
h 50 1225 665
i 10 40 31
i 10 9 0
i 10 45 45
q 10 27 15
q 10 45 54
q 10 45 29
h 10 23 14
h 10 9 0
h 10 45 45
i 20 107 91
i 20 19 0
i 20 190 190
q 20 60 50
q 20 190 209
q 20 190 109
h 20 83 53
h 20 154 155
h 20 190 125
i 30 210 184
i 30 29 0
i 30 435 435
q 30 130 83
q 30 435 464
q 30 435 239
h 30 126 63
h 30 399 410
h 30 435 255
i 40 345 308
i 40 39 0
i 40 780 780
q 40 202 158
q 40 780 819
q 40 780 419
h 40 193 119
h 40 744 765
h 40 780 435
i 50 704 658
i 50 49 0
i 50 1225 1225
q 50 236 179
q 50 1225 1274
q 50 1225 649
h 50 295 198
h 50 1189 1220
h 50 1225 665
i 10 24 17
i 10 9 0
i 10 45 45
q 10 22 20
q 10 45 54
q 10 45 29
h 10 31 25
h 10 9 0
h 10 45 45
i 20 120 102
i 20 19 0
i 20 190 190
q 20 63 48
q 20 190 209
q 20 190 109
h 20 75 43
h 20 154 155
h 20 190 125
i 30 246 221
i 30 29 0
i 30 435 435
q 30 119 83
q 30 435 464
q 30 435 239
h 30 117 69
h 30 399 410
h 30 435 255
i 40 475 442
i 40 39 0
i 40 780 780
q 40 181 123
q 40 780 819
q 40 780 419
h 40 223 113
h 40 744 765
h 40 780 435
i 50 533 488
i 50 49 0
i 50 1225 1225
q 50 257 160
q 50 1225 1274
q 50 1225 649
h 50 237 123
h 50 1189 1220
h 50 1225 665
i 10 31 24
i 10 9 0
i 10 45 45
q 10 25 13
q 10 45 54
q 10 45 29
h 10 35 30
h 10 9 0
h 10 45 45
i 20 109 92
i 20 19 0
i 20 190 190
q 20 77 75
q 20 190 209
q 20 190 109
h 20 65 39
h 20 154 155
h 20 190 125
i 30 253 226
i 30 29 0
i 30 435 435
q 30 141 94
q 30 435 464
q 30 435 239
h 30 125 83
h 30 399 410
h 30 435 255
i 40 380 343
i 40 39 0
i 40 780 780
q 40 186 87
q 40 780 819
q 40 780 419
h 40 177 127
h 40 744 765
h 40 780 435
i 50 565 518
i 50 49 0
i 50 1225 1225
q 50 225 150
q 50 1225 1274
q 50 1225 649
h 50 315 177
h 50 1189 1220
h 50 1225 665
i 10 26 19
i 10 9 0
i 10 45 45
q 10 21 19
q 10 45 54
q 10 45 29
h 10 27 20
h 10 9 0
h 10 45 45
i 20 102 85
i 20 19 0
i 20 190 190
q 20 80 35
q 20 190 209
q 20 190 109
h 20 68 43
h 20 154 155
h 20 190 125
i 30 240 215
i 30 29 0
i 30 435 435
q 30 123 93
q 30 435 464
q 30 435 239
h 30 123 71
h 30 399 410
h 30 435 255
i 40 445 408
i 40 39 0
i 40 780 780
q 40 169 94
q 40 780 819
q 40 780 419
h 40 211 154
h 40 744 765
h 40 780 435
i 50 628 580
i 50 49 0
i 50 1225 1225
q 50 268 183
q 50 1225 1274
q 50 1225 649
h 50 257 198
h 50 1189 1220
h 50 1225 665
