1000 8.1 7.2 8.9 10.0 8.2 21.0
2000 10.41 8.82 10.89 12.0 8.32 23.10720996964787
3000 10.041 9.782 11.689 13.2 10.032 24.339848783037638
4000 11.5041 8.9782 11.9689 13.319999999999999 10.6032 25.214419939295738
5000 11.150409999999999 7.29782 12.996889999999999 14.331999999999999 11.86032 25.89279003035213
6000 11.115041 9.129782 13.299689 14.4332 11.586032 26.447058752685507
7000 12.311504099999999 10.8129782 13.1299689 14.44332 11.6586032 26.9156862800998
8000 12.731150410000001 9.88129782 13.01299689 14.444332 12.16586032 27.321629908943606
9000 12.173115040999999 11.588129782 13.801299689 15.4444332 12.616586032 27.679697566075273
10000 12.2173115041 11.7588129782 14.080129968900001 15.54444332 11.2616586032 28.0
11000 12.22173115041 10.57588129782 14.20801299689 15.554444332 12.02616586032 28.289748796107578
12000 12.222173115040999 10.557588129782001 14.220801299689 15.5554444332 13.002616586032 28.554268722333376
13000 13.222217311504101 10.555758812978201 14.4220801299689 15.555544443319999 12.600261658603198 28.79760346614786
14000 14.02222173115041 10.65557588129782 14.342208012996888 15.555554444332 13.360026165860319 29.022896249747667
15000 13.702222173115041 10.665557588129783 14.334220801299688 15.555555444433201 12.136002616586032 29.23263881338977
16000 13.970222217311505 8.266555758812979 14.13342208012997 15.555555544443319 13.113600261658604 29.428839878591475
17000 13.397022221731152 12.2266555758813 14.713342208012998 16.555555554444332 13.91136002616586 29.613142449647917
18000 13.339702222173116 11.32266555758813 15.271334220801299 16.655555555444433 12.791136002616586 29.786907535723145
19000 13.233970222217312 10.032266555758813 15.52713342208013 16.665555555544444 13.479113600261659 29.951275206669802
20000 13.32339702222173 11.30322665557588 15.35271334220801 16.666555555554446 12.947911360026165 30.10720996964787
21000 13.332339702222175 11.430322665557588 15.4352713342208 16.666655555555444 13.794791136002619 30.255535063137437
22000 13.333233970222215 12.643032266555759 15.34352713342208 16.666665555555547 12.779479113600262 30.396958765755446
23000 13.333323397022221 10.164303226655576 15.434352713342207 16.666666555555555 14.177947911360025 30.53209485212315
24000 13.33333233970222 11.216430322665557 15.543435271334221 16.666666655555552 14.017794791136003 30.661478691981245
25000 14.533333233970222 10.121643032266556 15.35434352713342 16.666666665555557 13.3017794791136 30.785580060704262
26000 15.153333323397021 10.012164303226655 15.035434352713343 16.666666666555557 13.330177947911361 30.904813435795727
27000 14.615333332339702 12.701216430322665 15.103543435271334 16.666666666655555 12.033017794791135 31.019546349112908
28000 14.96153333323397 10.270121643032265 15.310354343527132 16.666666666665556 13.503301779479113 31.130106219395536
29000 15.196153333323398 10.027012164303226 15.331035434352714 16.666666666666554 14.150330177947911 31.23678598529269
30000 14.619615333332339 14.002701216430324 15.333103543435271 16.666666666666657 14.215033017794791 31.339848783037638
31000 15.061961533333236 11.700270121643033 15.333310354343528 16.666666666666664 13.821503301779478 31.439531856839913
32000 15.106196153333324 8.970027012164303 15.433331035434353 16.666666666666664 14.282150330177947 31.536049848239344
33000 14.410619615333331 9.19700270121643 16.343333103543436 17.666666666666664 13.328215033017795 31.62959757914521
34000 14.441061961533332 12.019700270121643 16.334333310354346 17.766666666666666 14.232821503301778 31.720352419295786
35000 14.444106196153333 10.801970027012164 16.233433331035435 17.776666666666664 13.623282150330178 31.80847631045193
36000 14.244410619615334 9.480197002701216 16.323343333103544 17.77766666666667 13.762328215033017 31.894117505371007
37000 14.424441061961534 13.448019700270123 16.632334333310354 17.77776666666667 13.676232821503302 31.977412068468965
38000 14.442444106196154 9.544801970027013 16.263233433331035 17.777776666666664 14.66762328215033 32.058485176317674
39000 14.444244410619614 13.0544801970027 16.226323343333103 17.77777766666667 14.266762328215032 32.1374522491855
40000 14.44442444106196 12.40544801970027 16.52263233433331 17.777777766666667 14.326676232821503 32.21441993929574
41000 14.444442444106196 9.440544801970027 16.65226323343333 17.777777776666667 14.532667623282151 32.289486997038146
42000 14.444444244410619 11.744054480197002 16.265226323343335 17.777777777666664 15.253266762328215 32.362745032785305
43000 14.444444424441063 13.674405448019701 16.426522632334333 17.777777777766666 14.525326676232822 32.4342791890571
44000 14.444444442444105 13.767440544801968 16.542652263233432 17.777777777776667 13.552532667623282 32.50416873540331
45000 14.44444444424441 15.276744054480195 16.654265226323343 17.777777777777665 14.055253266762326 32.57248759642741
46000 14.444444444424443 11.02767440544802 16.565426522632333 17.777777777777764 14.605525326676233 32.63930482177102
47000 14.444444444442444 12.302767440544802 16.356542652263233 17.77777777777778 14.560552532667623 32.70468500555002
48000 14.444444444444244 13.730276744054482 16.33565426522632 17.77777777777778 14.356055253266764 32.76868866162911
49000 14.444444444444423 15.073027674405449 16.43356542652263 17.77777777777778 14.635605525326676 32.8313725601996
50000 15.744444444444444 15.407302767440546 16.443356542652264 17.77777777777778 15.263560552532667 32.89279003035213
51000 15.974444444444444 12.740730276744054 16.54433565426523 17.77777777777778 14.326356055253267 32.952991232685555
52000 15.497444444444444 13.774073027674405 16.554433565426525 17.77777777777778 15.132635605525326 33.0120234054436
53000 15.649744444444446 8.377407302767441 16.455443356542652 17.77777777777778 15.413263560552531 33.069931087205525
54000 16.164974444444447 9.237740730276744 16.345544335654264 17.77777777777778 14.241326356055254 33.126756318760776
55000 15.916497444444445 13.523774073027676 16.234554433565428 17.77777777777778 13.924132635605526 33.182538826459705
56000 15.691649744444444 11.152377407302769 16.523455443356543 17.77777777777778 15.292413263560553 33.237316189043405
57000 16.069164974444444 13.715237740730277 16.352345544335655 17.77777777777778 15.029241326356054 33.291123989707444
58000 15.906916497444445 13.87152377407303 16.435234554433567 17.77777777777778 15.602924132635604 33.34399595494056
59000 15.690691649744446 9.787152377407303 16.44352345544336 17.77777777777778 14.560292413263562 33.39596408149501
60000 15.469069164974446 9.37871523774073 16.44435234554434 17.77777777777778 14.756029241326356 33.44705875268551
61000 16.446906916497444 12.137871523774072 16.34443523455443 17.77777777777778 14.575602924132635 33.497308845075366
62000 16.144690691649743 11.013787152377407 16.33444352345544 17.77777777777778 14.557560292413262 33.546741826487775
63000 15.914469069164975 10.90137871523774 16.133444352345542 17.77777777777778 14.855756029241325 33.595383846175075
64000 15.991446906916497 12.290137871523774 16.413344435234556 17.77777777777778 14.985575602924133 33.64325981788721
65000 16.39914469069165 13.729013787152377 16.041334443523457 17.77777777777778 14.998557560292415 33.69039349649999
66000 15.639914469069165 5.8729013787152375 17.404133444352347 18.77777777777778 15.39985575602924 33.73680754879308
67000 15.463991446906917 10.887290137871524 17.440413344435235 18.877777777777776 14.639985575602925 33.782523618905785
68000 15.446399144690691 15.988729013787154 17.344041334443524 18.887777777777778 14.86399855756029 33.827562388943655
69000 15.54463991446907 14.898872901378715 17.134404133444352 18.88877777777778 15.586399855756031 33.87194363516079
70000 15.554463991446909 14.789887290137873 17.513440413344433 18.888877777777775 14.858639985575604 33.9156862800998
71000 15.55544639914469 14.778988729013786 17.75134404133444 18.88888777777778 14.885863998557562 33.958808441033526
72000 15.55554463991447 16.17789887290138 17.175134404133445 18.888888777777776 15.188586399855756 34.001327475018876
73000 15.555554463991447 13.417789887290137 17.517513440413346 18.888888877777777 15.618858639985575 34.04326002084319
74000 15.555555446399145 11.741778988729013 17.551751344041335 18.888888887777778 15.961885863998557 34.084622038116834
75000 15.555555544639915 7.174177898872901 17.355175134404135 18.888888888777778 15.596188586399856 34.1254288437419
76000 15.55555555446399 12.717417789887289 17.235517513440413 18.88888888887778 15.859618858639985 34.16569514596554
77000 15.455555555446399 16.07174177898873 17.623551751344042 18.888888888887777 15.485961885863997 34.20543507620738
78000 15.545555555544638 13.507174177898872 17.562355175134407 18.88888888888878 15.7485961885864 34.24466221883337
79000 15.554555555554463 13.050717417789889 17.75623551751344 18.88888888888888 15.274859618858642 34.28338963903309
80000 15.555455555555445 8.705071741778989 17.57562355175134 18.88888888888889 14.727485961885865 34.321629908943606
81000 15.555545555555545 9.6705071741779 17.457562355175135 18.88888888888889 15.872748596188586 34.359395132150546
82000 15.555554555555554 12.76705071741779 17.145756235517513 18.88888888888889 15.287274859618858 34.396696966686015
83000 15.555555455555554 11.47670507174178 17.41457562355175 18.88888888888889 16.128727485961885 34.433546646632514
84000 15.555555545555555 15.947670507174177 17.441457562355176 18.88888888888889 15.712872748596189 34.469955002433174
85000 15.555555554555557 12.094767050717419 17.344145756235516 18.88888888888889 15.171287274859619 34.50593248000005
86000 15.555555555455555 11.609476705071742 17.234414575623553 18.88888888888889 16.117128727485962 34.54148915870497
87000 15.555555555545556 11.460947670507174 17.523441457562356 18.88888888888889 15.511712872748598 34.57663476833033
88000 15.555555555554553 11.646094767050718 17.452344145756236 18.88888888888889 15.45117128727486 34.61137870505118
89000 15.555555555555454 10.064609476705073 17.545234414575624 18.88888888888889 15.645117128727486 34.64573004651439
90000 15.555555555555546 12.706460947670507 17.354523441457562 18.88888888888889 15.46451171287275 34.679697566075276
91000 15.555555555555554 11.67064609476705 17.135452344145754 18.88888888888889 15.446451171287276 34.71328974624765
92000 15.555555555555554 13.067064609476706 17.513545234414575 18.88888888888889 15.044645117128727 34.74651479141889
93000 15.555555555555554 13.30670646094767 17.051354523441457 18.88888888888889 16.00446451171287 34.779380639877544
94000 15.555555555555554 11.630670646094767 17.405135452344147 18.88888888888889 16.100446451171287 34.81189497519789
95000 15.555555555555554 8.563067064609477 17.740513545234414 18.88888888888889 16.21004464511713 34.84406523702194
96000 15.555555555555554 14.156306706460947 17.274051354523444 18.88888888888889 16.021004464511712 34.875898631276975
97000 15.555555555555554 14.715630670646096 17.527405135452344 18.88888888888889 15.202100446451173 34.90740213986372
98000 15.555555555555554 12.971563067064608 17.552740513545235 18.88888888888889 14.920210044645117 34.938582529847466
99000 16.955555555555556 14.597156306706461 17.155274051354525 18.88888888888889 16.09202100446451 34.96944636218285
100000 16.995555555555555 13.459715630670647 17.51552740513545 18.88888888888889 15.609202100446453 35.0
