1000 1.8358230590820313e-06 1.1444091796875e-06 1.1205673217773438e-06 1.0013580322265625e-06 1.0967254638671874e-06 
2000 2.0194053649902345e-06 4.072189331054688e-06 1.4710426330566406e-06 1.2922286987304687e-06 1.1110305786132813e-06 
3000 1.9423961639404297e-06 1.7185211181640625e-06 1.7445087432861329e-06 1.5358924865722657e-06 1.3747215270996094e-06 
4000 2.697634696960449e-06 1.5308380126953125e-06 1.7241716384887697e-06 1.5841007232666017e-06 2.664709091186523e-06 
5000 3.1069445610046392e-06 1.55975341796875e-06 2.198975086212158e-06 1.7081308364868164e-06 1.8877172470092775e-06 
6000 2.81408953666687e-06 1.8010635375976563e-06 2.0795624256134034e-06 1.720533847808838e-06 1.6669669151306153e-06 
7000 2.9993807554244992e-06 1.7775108337402345e-06 1.7815188646316528e-06 1.626406717300415e-06 1.549524450302124e-06 
8000 3.256328456401825e-06 1.7989974212646484e-06 1.7993982243537904e-06 1.6408358621597291e-06 1.5377802038192748e-06 
9000 7.049036776304244e-06 2.4687181015014648e-06 2.0157628815174102e-06 1.856855497837067e-06 7.973907414913178e-06 
10000 3.7566614901304243e-06 2.225746016693115e-06 1.9420319155931476e-06 1.973824893045425e-06 2.156376642370224e-06 
11000 3.4751076773333547e-06 2.0107139449310305e-06 2.1730773981022834e-06 1.913996258835793e-06 1.69383285466671e-06 
12000 3.4707941539638042e-06 1.989210737754822e-06 2.005447083071947e-06 1.8603296795945165e-06 2.482043502751827e-06 
13000 4.280985970572161e-06 1.8916929853965756e-06 2.1794189148501636e-06 2.9516884855375768e-06 1.9648181198064325e-06 
14000 4.075902857311123e-06 2.096517931352158e-06 2.387550961309235e-06 2.0117826180850076e-06 2.0084630131525183e-06 
15000 3.840817824793612e-06 1.9739492784867785e-06 2.3129967343145172e-06 1.8939501734295946e-06 1.726725207565252e-06 
16000 4.484881343026236e-06 1.6755901182783656e-06 2.3055413116150457e-06 2.0252180764249908e-06 1.8177607165573064e-06 
17000 4.215501684107311e-06 2.3371680816520553e-06 2.280953911434942e-06 2.0145030088143737e-06 4.687887216675262e-06 
18000 4.11703814448495e-06 2.3318003042589554e-06 2.493071892608338e-06 1.965747786233e-06 2.185402491198776e-06 
19000 3.7495639218703703e-06 2.0451612315977706e-06 2.442758116995209e-06 2.008555979795175e-06 1.98283773447144e-06 
20000 4.237337373632349e-06 2.207232187612902e-06 2.4377267394338957e-06 1.9651530833310798e-06 1.914897542978394e-06 
21000 4.2384310029882346e-06 2.294964856944884e-06 2.4372236016777645e-06 2.1038639411456078e-06 1.979629097559558e-06 
22000 3.976279928912104e-06 2.351421839698395e-06 2.3418058562615267e-06 2.022367595286436e-06 1.8192092476465808e-06 
23000 3.926222963594335e-06 2.214016390512808e-06 2.47531522918084e-06 1.8711668132395811e-06 2.0177439838466892e-06 
24000 4.1834777040742774e-06 2.3671688509653434e-06 2.4886661664727713e-06 1.9275723087653645e-06 1.918388167915919e-06 
25000 4.328412467673053e-06 2.0725399441785657e-06 2.633052407662902e-06 1.9093710004077864e-06 1.9799781600533106e-06 
26000 4.271380370302462e-06 1.971551479769419e-06 2.337546878949884e-06 2.0506020170329664e-06 2.0338208750873625e-06 
27000 4.003416723553684e-06 2.962810665555067e-06 2.307996326078582e-06 1.8978321133243905e-06 1.729260993758736e-06 
28000 4.405773801261618e-06 3.848717895168788e-06 2.591143565713327e-06 1.8825551229535328e-06 1.8895398689071237e-06 
29000 5.971888415282411e-06 2.22069484859891e-06 2.4525652843057076e-06 1.9525529976469157e-06 2.0247770459727434e-06 
30000 4.2926768176024595e-06 2.534729702145047e-06 2.319498166614165e-06 1.9118690692959417e-06 1.966775189948837e-06 
31000 4.41085795275634e-06 2.2085053188473173e-06 2.3300333127551666e-06 1.979326250191313e-06 1.9848168622566023e-06 
32000 4.66109464537329e-06 1.7944131539550441e-06 3.3562867175059857e-06 1.938388252460538e-06 2.0819884611280037e-06 
33000 4.066230008970922e-06 1.943738800747067e-06 2.672130746945911e-06 2.0535037422382413e-06 2.0201800472846754e-06 
34000 4.006743545330686e-06 2.2209318024379878e-06 2.460664002428966e-06 2.017331575395699e-06 1.8232643426190926e-06 
35000 6.933343421915881e-06 2.177125528876611e-06 2.6064103333483654e-06 2.1567655061723825e-06 1.875098345883003e-06 
36000 4.603399039457213e-06 2.00585189614938e-06 2.6209849664403054e-06 2.003815893878957e-06 2.071016609490644e-06 
37000 4.584981322402753e-06 2.6086128385407192e-06 2.5032331401987177e-06 1.9169953589191454e-06 1.9952410042107834e-06 
38000 5.155344140541057e-06 2.192051774576728e-06 2.8014021104065904e-06 2.1944156003450397e-06 2.273765738604672e-06 
39000 5.212380422354887e-06 2.531865394742829e-06 2.664326002056284e-06 2.174473908667316e-06 2.1585670645831237e-06 
40000 5.122716618895645e-06 2.4227956092985016e-06 2.626776533311097e-06 2.1963215974097005e-06 2.003996049720031e-06 
41000 4.732280511987221e-06 2.0065770462814127e-06 5.674779398936578e-06 2.2700319400144077e-06 3.1091062700110657e-06 
42000 6.314483239187004e-06 2.346424916542204e-06 2.9039800150889703e-06 2.0389843951733158e-06 2.2659429756339194e-06 
43000 5.066033895207763e-06 2.690353856400314e-06 2.650741934614366e-06 2.063563356509519e-06 2.0862592145555794e-06 
44000 4.702770381708276e-06 2.6532211766556565e-06 2.696943700297374e-06 1.922970105182202e-06 1.9729234068071205e-06 
45000 5.047913756920828e-06 2.911768345692909e-06 2.5346708714945812e-06 2.028120069600251e-06 2.009273541852587e-06 
46000 8.825599786336614e-06 2.3415766148427286e-06 2.733020309805708e-06 2.110160639772525e-06 2.155959702818071e-06 
47000 5.937033855586787e-06 2.6421853104100543e-06 2.6574878219961956e-06 2.332941417981159e-06 2.17062831891462e-06 
48000 5.7435446941524285e-06 3.0060321907089744e-06 2.8168275785863384e-06 2.236010206251241e-06 2.2913044700750555e-06 
49000 5.6765120621886805e-06 3.0901005945591786e-06 2.737394122604727e-06 2.2024752271680925e-06 2.3033720851910992e-06 
50000 6.933427268230587e-06 3.766079456428574e-06 3.4685483722214102e-06 2.4852240241816533e-06 2.7814160049058287e-06 
51000 6.749174636002746e-06 2.8323193103889515e-06 3.207877786440891e-06 2.418131472242384e-06 2.4715925282249577e-06 
52000 6.063177351295587e-06 2.7151014378748327e-06 2.824182859210495e-06 2.1491617800367383e-06 2.3929264647365585e-06 
53000 5.565424180442059e-06 1.7497053342171708e-06 2.8573389402179246e-06 2.050739237085705e-06 2.3850598583877184e-06 
54000 5.920960447829362e-06 2.2015284557849984e-06 2.932180122049136e-06 2.2077899881616956e-06 2.288905766112209e-06 
55000 1.0820253088239967e-05 2.818915357785531e-06 4.465543146482258e-06 2.223495063269294e-06 2.183922925244033e-06 
56000 6.112657327866965e-06 2.2130820265012096e-06 2.9022656793943195e-06 2.1296981391394295e-06 2.2449502148876847e-06 
57000 5.546530320189041e-06 2.629335851575902e-06 2.6505705010449005e-06 2.048792872995974e-06 2.274894801762206e-06 
58000 5.609126908972029e-06 2.5994356603529025e-06 2.55387540947949e-06 2.0407023463816286e-06 2.182521828809033e-06 
59000 5.973014436502671e-06 2.214975914668103e-06 2.8779919110651366e-06 2.2783118728217568e-06 4.128316880146528e-06 
60000 5.484882315232298e-06 2.0334787926386855e-06 2.767352413762764e-06 2.135179820094676e-06 2.3917058945576216e-06 
61000 6.747371288163855e-06 2.516008096549025e-06 3.1139163326848705e-06 2.2162340464625927e-06 2.313412227639356e-06 
62000 5.53847614248826e-06 2.254316874108028e-06 2.5525262768231743e-06 2.081288321638447e-06 2.0671642818459668e-06 
63000 6.871939960440232e-06 2.65730119424674e-06 3.187801150631536e-06 2.40157975989822e-06 2.5670603612900652e-06 
64000 7.505965358348711e-06 3.0790693528231116e-06 3.132119348461591e-06 2.4574507616343533e-06 2.760101116695413e-06 
65000 9.190614236030184e-06 3.3596647477823115e-06 3.1503930261547528e-06 2.4391960038978103e-06 2.7794051922359476e-06 
66000 6.474214316669425e-06 1.6234268019266686e-06 3.128378536013913e-06 2.365844954393687e-06 2.5190751627782823e-06 
67000 5.821104598170849e-06 2.403477323747354e-06 2.935442223718579e-06 2.3585098494432748e-06 2.4930421598325155e-06 
68000 6.184947068703804e-06 4.055044997999735e-06 9.281924654500765e-06 2.7154042076005777e-06 2.6573318649090327e-06 
69000 5.8160197312844425e-06 3.075792585737474e-06 3.455429403926639e-06 2.3219402010334953e-06 2.435342256315122e-06 
70000 5.850652571272976e-06 3.120918491972185e-06 3.0635147421504766e-06 2.187226368736162e-06 2.222408432174481e-06 
71000 5.40112055497886e-06 2.839328787673781e-06 2.8097465547814536e-06 2.2214387013267414e-06 2.1772731918502607e-06 
72000 4.736279047685386e-06 2.954220964704878e-06 2.498267441122677e-06 2.010283213394393e-06 2.196601525727995e-06 
73000 5.313525060530258e-06 2.8226590349470505e-06 2.9201148300497674e-06 2.084535096241783e-06 2.365427364486862e-06 
74000 5.4666170934553695e-06 2.4995586891392363e-06 3.1530344322237273e-06 2.115802142436678e-06 2.50151923791353e-06 
75000 5.338875149286944e-06 1.5850999118826736e-06 3.033275244980185e-06 2.1666125628764802e-06 2.3720772777952595e-06 
76000 4.9923149441279135e-06 2.7095887875749862e-06 2.7828807471542686e-06 2.1478517470103044e-06 2.3829749396935884e-06 
77000 5.005342639432323e-06 3.0842981121559364e-06 2.805525013191989e-06 2.074450091693218e-06 2.2886972742427963e-06 
78000 4.982803551052607e-06 2.5734063126804375e-06 2.87931501352623e-06 2.0909517840716657e-06 2.3269532235180294e-06 
79000 5.600437947878699e-06 2.6415264222836687e-06 2.886694013559654e-06 2.1402856691298227e-06 2.3546206763557093e-06 
80000 5.662201387561307e-06 4.531845208146336e-06 3.006641203113778e-06 2.312112063006732e-06 2.357387421639477e-06 
81000 5.239224289146755e-06 2.19364014825604e-06 2.82790105878794e-06 4.308168908937392e-06 2.405347811988167e-06 
82000 5.244610295125613e-06 2.794284669122479e-06 3.0961293392772315e-06 2.3858492395265518e-06 2.4101438510230354e-06 
83000 5.36435818527428e-06 2.4013538209161544e-06 3.0514265935956915e-06 2.217459130495624e-06 2.4344653128366785e-06 
84000 5.4478585480196155e-06 3.1011583313103654e-06 2.856221455746288e-06 2.2483038354128436e-06 2.246162595736793e-06 
85000 9.056329128727743e-06 2.5274086187755678e-06 2.8367009419613475e-06 2.2275464479944094e-06 2.3226997556674292e-06 
86000 7.724404275177462e-06 2.4938755054322442e-06 2.0382356312457853e-05 2.2731544250728786e-06 2.4734046191214305e-06 
87000 7.090532773709152e-06 2.3713129045471306e-06 4.827733006734067e-06 2.230031506960413e-06 2.345423958005893e-06 
88000 5.906578301784978e-06 2.5497915077398692e-06 3.391479965712469e-06 2.1303517835085413e-06 2.475677039355277e-06 
89000 6.026601433694123e-06 2.472271936418518e-06 3.3909058090712467e-06 2.2395931007141353e-06 2.655595352861309e-06 
90000 6.1816548943459745e-06 3.0844082849504456e-06 3.390848393407124e-06 2.3697265219854757e-06 2.4828523209306624e-06 
91000 9.606545921563503e-06 2.549575472049732e-06 2.9378473515477436e-06 2.3112142903821414e-06 2.3463687281868162e-06 
92000 6.682700490593851e-06 2.9729293489627856e-06 3.5362774109360243e-06 2.209995635581183e-06 2.4996133742835254e-06 
93000 6.1995810842156346e-06 3.0152647366540913e-06 3.1431251165818833e-06 2.199873770101087e-06 2.586463412623665e-06 
94000 5.9128505644762515e-06 2.947972701692753e-06 3.223019176697251e-06 2.175019725642921e-06 2.6189902743678354e-06 
95000 5.4550240701195e-06 1.9637273238802126e-06 3.159483008978319e-06 2.1486924632869482e-06 2.407666239350846e-06 
96000 5.862236720976794e-06 3.105079397427083e-06 3.200813108026738e-06 2.2891108845122884e-06 2.5057431253999283e-06 
97000 5.616855691140649e-06 3.123847173141146e-06 3.1095786862909548e-06 2.1839434370840416e-06 2.372499666543899e-06 
98000 6.307573325461721e-06 3.0541983769820834e-06 3.577292402320502e-06 2.197268550251373e-06 2.5737520418497026e-06 
99000 7.187268257839141e-06 3.762489234670864e-06 3.552538200192988e-06 2.2224429194782624e-06 2.9991888638529393e-06 
100000 6.7030331612331335e-06 2.927327719853805e-06 3.240118627148205e-06 2.224960356400951e-06 2.4695279562095128e-06 
