m 10 20 34
m 10 15 34
m 10 19 34
y 10 21 33
y 10 15 0
y 10 19 45
m 20 64 88
m 20 40 88
m 20 48 88
y 20 59 137
y 20 40 0
y 20 48 190
m 30 113 148
m 30 71 148
m 30 77 148
y 30 110 202
y 30 71 0
y 30 77 435
m 40 165 216
m 40 100 216
m 40 116 216
y 40 167 428
y 40 100 0
y 40 116 780
m 50 229 286
m 50 133 286
m 50 153 286
y 50 216 630
y 50 133 0
y 50 153 1225
m 10 23 34
m 10 15 34
m 10 19 34
y 10 23 26
y 10 15 0
y 10 19 45
m 20 64 88
m 20 40 88
m 20 48 88
y 20 60 95
y 20 40 0
y 20 48 190
m 30 116 148
m 30 71 148
m 30 77 148
y 30 112 247
y 30 71 0
y 30 77 435
m 40 165 216
m 40 100 216
m 40 116 216
y 40 161 433
y 40 100 0
y 40 116 780
m 50 221 286
m 50 133 286
m 50 153 286
y 50 225 534
y 50 133 0
y 50 153 1225
m 10 24 34
m 10 15 34
m 10 19 34
y 10 21 18
y 10 15 0
y 10 19 45
m 20 62 88
m 20 40 88
m 20 48 88
y 20 62 88
y 20 40 0
y 20 48 190
m 30 112 148
m 30 71 148
m 30 77 148
y 30 106 221
y 30 71 0
y 30 77 435
m 40 167 216
m 40 100 216
m 40 116 216
y 40 172 378
y 40 100 0
y 40 116 780
m 50 225 286
m 50 133 286
m 50 153 286
y 50 217 654
y 50 133 0
y 50 153 1225
m 10 21 34
m 10 15 34
m 10 19 34
y 10 24 30
y 10 15 0
y 10 19 45
m 20 65 88
m 20 40 88
m 20 48 88
y 20 65 102
y 20 40 0
y 20 48 190
m 30 113 148
m 30 71 148
m 30 77 148
y 30 110 201
y 30 71 0
y 30 77 435
m 40 166 216
m 40 100 216
m 40 116 216
y 40 160 405
y 40 100 0
y 40 116 780
m 50 218 286
m 50 133 286
m 50 153 286
y 50 225 612
y 50 133 0
y 50 153 1225
m 10 22 34
m 10 15 34
m 10 19 34
y 10 23 22
y 10 15 0
y 10 19 45
m 20 64 88
m 20 40 88
m 20 48 88
y 20 65 114
y 20 40 0
y 20 48 190
m 30 114 148
m 30 71 148
m 30 77 148
y 30 114 209
y 30 71 0
y 30 77 435
m 40 164 216
m 40 100 216
m 40 116 216
y 40 160 466
y 40 100 0
y 40 116 780
m 50 226 286
m 50 133 286
m 50 153 286
y 50 229 690
y 50 133 0
y 50 153 1225
m 10 22 34
m 10 15 34
m 10 19 34
y 10 21 24
y 10 15 0
y 10 19 45
m 20 64 88
m 20 40 88
m 20 48 88
y 20 63 86
y 20 40 0
y 20 48 190
m 30 112 148
m 30 71 148
m 30 77 148
y 30 111 233
y 30 71 0
y 30 77 435
m 40 167 216
m 40 100 216
m 40 116 216
y 40 166 379
y 40 100 0
y 40 116 780
m 50 221 286
m 50 133 286
m 50 153 286
y 50 218 726
y 50 133 0
y 50 153 1225
m 10 25 34
m 10 15 34
m 10 19 34
y 10 25 21
y 10 15 0
y 10 19 45
m 20 63 88
m 20 40 88
m 20 48 88
y 20 63 106
y 20 40 0
y 20 48 190
m 30 113 148
m 30 71 148
m 30 77 148
y 30 115 192
y 30 71 0
y 30 77 435
m 40 163 216
m 40 100 216
m 40 116 216
y 40 158 386
y 40 100 0
y 40 116 780
m 50 223 286
m 50 133 286
m 50 153 286
y 50 224 727
y 50 133 0
y 50 153 1225
m 10 23 34
m 10 15 34
m 10 19 34
y 10 25 28
y 10 15 0
y 10 19 45
m 20 68 88
m 20 40 88
m 20 48 88
y 20 65 95
y 20 40 0
y 20 48 190
m 30 110 148
m 30 71 148
m 30 77 148
y 30 114 191
y 30 71 0
y 30 77 435
m 40 164 216
m 40 100 216
m 40 116 216
y 40 160 352
y 40 100 0
y 40 116 780
m 50 216 286
m 50 133 286
m 50 153 286
y 50 223 556
y 50 133 0
y 50 153 1225
m 10 24 34
m 10 15 34
m 10 19 34
y 10 23 30
y 10 15 0
y 10 19 45
m 20 57 88
m 20 40 88
m 20 48 88
y 20 66 92
y 20 40 0
y 20 48 190
m 30 105 148
m 30 71 148
m 30 77 148
y 30 106 166
y 30 71 0
y 30 77 435
m 40 161 216
m 40 100 216
m 40 116 216
y 40 160 347
y 40 100 0
y 40 116 780
m 50 223 286
m 50 133 286
m 50 153 286
y 50 218 648
y 50 133 0
y 50 153 1225
m 10 23 34
m 10 15 34
m 10 19 34
y 10 24 21
y 10 15 0
y 10 19 45
m 20 62 88
m 20 40 88
m 20 48 88
y 20 59 118
y 20 40 0
y 20 48 190
m 30 108 148
m 30 71 148
m 30 77 148
y 30 110 230
y 30 71 0
y 30 77 435
m 40 163 216
m 40 100 216
m 40 116 216
y 40 160 415
y 40 100 0
y 40 116 780
m 50 220 286
m 50 133 286
m 50 153 286
y 50 221 614
y 50 133 0
y 50 153 1225
m 10 24 34
m 10 15 34
m 10 19 34
y 10 23 30
y 10 15 0
y 10 19 45
m 20 61 88
m 20 40 88
m 20 48 88
y 20 61 72
y 20 40 0
y 20 48 190
m 30 112 148
m 30 71 148
m 30 77 148
y 30 109 199
y 30 71 0
y 30 77 435
m 40 162 216
m 40 100 216
m 40 116 216
y 40 169 397
y 40 100 0
y 40 116 780
m 50 223 286
m 50 133 286
m 50 153 286
y 50 227 625
y 50 133 0
y 50 153 1225
m 10 22 34
m 10 15 34
m 10 19 34
y 10 25 26
y 10 15 0
y 10 19 45
m 20 62 88
m 20 40 88
m 20 48 88
y 20 64 130
y 20 40 0
y 20 48 190
m 30 110 148
m 30 71 148
m 30 77 148
y 30 110 272
y 30 71 0
y 30 77 435
m 40 161 216
m 40 100 216
m 40 116 216
y 40 172 389
y 40 100 0
y 40 116 780
m 50 224 286
m 50 133 286
m 50 153 286
y 50 224 707
y 50 133 0
y 50 153 1225
m 10 23 34
m 10 15 34
m 10 19 34
y 10 23 25
y 10 15 0
y 10 19 45
m 20 58 88
m 20 40 88
m 20 48 88
y 20 66 98
y 20 40 0
y 20 48 190
m 30 114 148
m 30 71 148
m 30 77 148
y 30 111 214
y 30 71 0
y 30 77 435
m 40 165 216
m 40 100 216
m 40 116 216
y 40 165 368
y 40 100 0
y 40 116 780
m 50 221 286
m 50 133 286
m 50 153 286
y 50 223 584
y 50 133 0
y 50 153 1225
m 10 24 34
m 10 15 34
m 10 19 34
y 10 23 28
y 10 15 0
y 10 19 45
m 20 67 88
m 20 40 88
m 20 48 88
y 20 67 98
y 20 40 0
y 20 48 190
m 30 115 148
m 30 71 148
m 30 77 148
y 30 106 217
y 30 71 0
y 30 77 435
m 40 167 216
m 40 100 216
m 40 116 216
y 40 169 380
y 40 100 0
y 40 116 780
m 50 225 286
m 50 133 286
m 50 153 286
y 50 219 644
y 50 133 0
y 50 153 1225
m 10 23 34
m 10 15 34
m 10 19 34
y 10 22 18
y 10 15 0
y 10 19 45
m 20 68 88
m 20 40 88
m 20 48 88
y 20 62 89
y 20 40 0
y 20 48 190
m 30 109 148
m 30 71 148
m 30 77 148
y 30 114 188
y 30 71 0
y 30 77 435
m 40 169 216
m 40 100 216
m 40 116 216
y 40 169 373
y 40 100 0
y 40 116 780
m 50 221 286
m 50 133 286
m 50 153 286
y 50 223 600
y 50 133 0
y 50 153 1225
m 10 25 34
m 10 15 34
m 10 19 34
y 10 24 22
y 10 15 0
y 10 19 45
m 20 63 88
m 20 40 88
m 20 48 88
y 20 62 89
y 20 40 0
y 20 48 190
m 30 112 148
m 30 71 148
m 30 77 148
y 30 108 181
y 30 71 0
y 30 77 435
m 40 165 216
m 40 100 216
m 40 116 216
y 40 165 436
y 40 100 0
y 40 116 780
m 50 220 286
m 50 133 286
m 50 153 286
y 50 223 600
y 50 133 0
y 50 153 1225
m 10 21 34
m 10 15 34
m 10 19 34
y 10 24 23
y 10 15 0
y 10 19 45
m 20 61 88
m 20 40 88
m 20 48 88
y 20 63 114
y 20 40 0
y 20 48 190
m 30 112 148
m 30 71 148
m 30 77 148
y 30 113 194
y 30 71 0
y 30 77 435
m 40 165 216
m 40 100 216
m 40 116 216
y 40 167 482
y 40 100 0
y 40 116 780
m 50 221 286
m 50 133 286
m 50 153 286
y 50 227 699
y 50 133 0
y 50 153 1225
m 10 24 34
m 10 15 34
m 10 19 34
y 10 25 26
y 10 15 0
y 10 19 45
m 20 68 88
m 20 40 88
m 20 48 88
y 20 66 109
y 20 40 0
y 20 48 190
m 30 113 148
m 30 71 148
m 30 77 148
y 30 111 192
y 30 71 0
y 30 77 435
m 40 169 216
m 40 100 216
m 40 116 216
y 40 167 387
y 40 100 0
y 40 116 780
m 50 217 286
m 50 133 286
m 50 153 286
y 50 222 571
y 50 133 0
y 50 153 1225
m 10 22 34
m 10 15 34
m 10 19 34
y 10 23 21
y 10 15 0
y 10 19 45
m 20 66 88
m 20 40 88
m 20 48 88
y 20 64 95
y 20 40 0
y 20 48 190
m 30 113 148
m 30 71 148
m 30 77 148
y 30 106 186
y 30 71 0
y 30 77 435
m 40 165 216
m 40 100 216
m 40 116 216
y 40 164 411
y 40 100 0
y 40 116 780
m 50 220 286
m 50 133 286
m 50 153 286
y 50 225 671
y 50 133 0
y 50 153 1225
m 10 23 34
m 10 15 34
m 10 19 34
y 10 23 14
y 10 15 0
y 10 19 45
m 20 63 88
m 20 40 88
m 20 48 88
y 20 58 102
y 20 40 0
y 20 48 190
m 30 111 148
m 30 71 148
m 30 77 148
y 30 109 222
y 30 71 0
y 30 77 435
m 40 164 216
m 40 100 216
m 40 116 216
y 40 161 360
y 40 100 0
y 40 116 780
m 50 217 286
m 50 133 286
m 50 153 286
y 50 231 545
y 50 133 0
y 50 153 1225
m 10 25 34
m 10 15 34
m 10 19 34
y 10 24 34
y 10 15 0
y 10 19 45
m 20 64 88
m 20 40 88
m 20 48 88
y 20 60 64
y 20 40 0
y 20 48 190
m 30 110 148
m 30 71 148
m 30 77 148
y 30 112 216
y 30 71 0
y 30 77 435
m 40 164 216
m 40 100 216
m 40 116 216
y 40 163 436
y 40 100 0
y 40 116 780
m 50 226 286
m 50 133 286
m 50 153 286
y 50 218 606
y 50 133 0
y 50 153 1225
m 10 25 34
m 10 15 34
m 10 19 34
y 10 23 20
y 10 15 0
y 10 19 45
m 20 64 88
m 20 40 88
m 20 48 88
y 20 65 108
y 20 40 0
y 20 48 190
m 30 111 148
m 30 71 148
m 30 77 148
y 30 111 173
y 30 71 0
y 30 77 435
m 40 164 216
m 40 100 216
m 40 116 216
y 40 162 435
y 40 100 0
y 40 116 780
m 50 215 286
m 50 133 286
m 50 153 286
y 50 215 538
y 50 133 0
y 50 153 1225
m 10 23 34
m 10 15 34
m 10 19 34
y 10 23 25
y 10 15 0
y 10 19 45
m 20 64 88
m 20 40 88
m 20 48 88
y 20 64 72
y 20 40 0
y 20 48 190
m 30 113 148
m 30 71 148
m 30 77 148
y 30 110 268
y 30 71 0
y 30 77 435
m 40 163 216
m 40 100 216
m 40 116 216
y 40 166 373
y 40 100 0
y 40 116 780
m 50 216 286
m 50 133 286
m 50 153 286
y 50 225 696
y 50 133 0
y 50 153 1225
m 10 23 34
m 10 15 34
m 10 19 34
y 10 22 16
y 10 15 0
y 10 19 45
m 20 63 88
m 20 40 88
m 20 48 88
y 20 62 96
y 20 40 0
y 20 48 190
m 30 114 148
m 30 71 148
m 30 77 148
y 30 108 208
y 30 71 0
y 30 77 435
m 40 168 216
m 40 100 216
m 40 116 216
y 40 166 441
y 40 100 0
y 40 116 780
m 50 227 286
m 50 133 286
m 50 153 286
y 50 228 642
y 50 133 0
y 50 153 1225
m 10 22 34
m 10 15 34
m 10 19 34
y 10 22 22
y 10 15 0
y 10 19 45
m 20 63 88
m 20 40 88
m 20 48 88
y 20 63 70
y 20 40 0
y 20 48 190
m 30 110 148
m 30 71 148
m 30 77 148
y 30 112 239
y 30 71 0
y 30 77 435
m 40 163 216
m 40 100 216
m 40 116 216
y 40 166 358
y 40 100 0
y 40 116 780
m 50 216 286
m 50 133 286
m 50 153 286
y 50 226 588
y 50 133 0
y 50 153 1225
m 10 23 34
m 10 15 34
m 10 19 34
y 10 23 28
y 10 15 0
y 10 19 45
m 20 61 88
m 20 40 88
m 20 48 88
y 20 62 73
y 20 40 0
y 20 48 190
m 30 114 148
m 30 71 148
m 30 77 148
y 30 113 238
y 30 71 0
y 30 77 435
m 40 167 216
m 40 100 216
m 40 116 216
y 40 168 419
y 40 100 0
y 40 116 780
m 50 215 286
m 50 133 286
m 50 153 286
y 50 226 730
y 50 133 0
y 50 153 1225
m 10 22 34
m 10 15 34
m 10 19 34
y 10 22 35
y 10 15 0
y 10 19 45
m 20 62 88
m 20 40 88
m 20 48 88
y 20 59 128
y 20 40 0
y 20 48 190
m 30 110 148
m 30 71 148
m 30 77 148
y 30 112 198
y 30 71 0
y 30 77 435
m 40 169 216
m 40 100 216
m 40 116 216
y 40 168 448
y 40 100 0
y 40 116 780
m 50 225 286
m 50 133 286
m 50 153 286
y 50 221 679
y 50 133 0
y 50 153 1225
m 10 23 34
m 10 15 34
m 10 19 34
y 10 22 21
y 10 15 0
y 10 19 45
m 20 64 88
m 20 40 88
m 20 48 88
y 20 67 90
y 20 40 0
y 20 48 190
m 30 112 148
m 30 71 148
m 30 77 148
y 30 110 250
y 30 71 0
y 30 77 435
m 40 169 216
m 40 100 216
m 40 116 216
y 40 169 385
y 40 100 0
y 40 116 780
m 50 224 286
m 50 133 286
m 50 153 286
y 50 229 641
y 50 133 0
y 50 153 1225
m 10 23 34
m 10 15 34
m 10 19 34
y 10 19 17
y 10 15 0
y 10 19 45
m 20 60 88
m 20 40 88
m 20 48 88
y 20 67 107
y 20 40 0
y 20 48 190
m 30 114 148
m 30 71 148
m 30 77 148
y 30 108 134
y 30 71 0
y 30 77 435
m 40 161 216
m 40 100 216
m 40 116 216
y 40 172 367
y 40 100 0
y 40 116 780
m 50 220 286
m 50 133 286
m 50 153 286
y 50 225 633
y 50 133 0
y 50 153 1225
m 10 22 34
m 10 15 34
m 10 19 34
y 10 20 27
y 10 15 0
y 10 19 45
m 20 65 88
m 20 40 88
m 20 48 88
y 20 65 109
y 20 40 0
y 20 48 190
m 30 113 148
m 30 71 148
m 30 77 148
y 30 111 274
y 30 71 0
y 30 77 435
m 40 163 216
m 40 100 216
m 40 116 216
y 40 167 412
y 40 100 0
y 40 116 780
m 50 221 286
m 50 133 286
m 50 153 286
y 50 227 541
y 50 133 0
y 50 153 1225
m 10 23 34
m 10 15 34
m 10 19 34
y 10 21 12
y 10 15 0
y 10 19 45
m 20 64 88
m 20 40 88
m 20 48 88
y 20 67 94
y 20 40 0
y 20 48 190
m 30 113 148
m 30 71 148
m 30 77 148
y 30 108 185
y 30 71 0
y 30 77 435
m 40 165 216
m 40 100 216
m 40 116 216
y 40 169 418
y 40 100 0
y 40 116 780
m 50 222 286
m 50 133 286
m 50 153 286
y 50 223 544
y 50 133 0
y 50 153 1225
m 10 23 34
m 10 15 34
m 10 19 34
y 10 23 31
y 10 15 0
y 10 19 45
m 20 62 88
m 20 40 88
m 20 48 88
y 20 63 91
y 20 40 0
y 20 48 190
m 30 113 148
m 30 71 148
m 30 77 148
y 30 114 206
y 30 71 0
y 30 77 435
m 40 166 216
m 40 100 216
m 40 116 216
y 40 168 366
y 40 100 0
y 40 116 780
m 50 222 286
m 50 133 286
m 50 153 286
y 50 218 528
y 50 133 0
y 50 153 1225
m 10 25 34
m 10 15 34
m 10 19 34
y 10 23 19
y 10 15 0
y 10 19 45
m 20 65 88
m 20 40 88
m 20 48 88
y 20 63 90
y 20 40 0
y 20 48 190
m 30 108 148
m 30 71 148
m 30 77 148
y 30 109 249
y 30 71 0
y 30 77 435
m 40 170 216
m 40 100 216
m 40 116 216
y 40 160 509
y 40 100 0
y 40 116 780
m 50 215 286
m 50 133 286
m 50 153 286
y 50 222 526
y 50 133 0
y 50 153 1225
m 10 24 34
m 10 15 34
m 10 19 34
y 10 21 20
y 10 15 0
y 10 19 45
m 20 61 88
m 20 40 88
m 20 48 88
y 20 64 104
y 20 40 0
y 20 48 190
m 30 107 148
m 30 71 148
m 30 77 148
y 30 105 222
y 30 71 0
y 30 77 435
m 40 167 216
m 40 100 216
m 40 116 216
y 40 166 453
y 40 100 0
y 40 116 780
m 50 219 286
m 50 133 286
m 50 153 286
y 50 222 561
y 50 133 0
y 50 153 1225
m 10 21 34
m 10 15 34
m 10 19 34
y 10 24 23
y 10 15 0
y 10 19 45
m 20 64 88
m 20 40 88
m 20 48 88
y 20 63 101
y 20 40 0
y 20 48 190
m 30 113 148
m 30 71 148
m 30 77 148
y 30 112 255
y 30 71 0
y 30 77 435
m 40 170 216
m 40 100 216
m 40 116 216
y 40 162 386
y 40 100 0
y 40 116 780
m 50 224 286
m 50 133 286
m 50 153 286
y 50 218 696
y 50 133 0
y 50 153 1225
m 10 24 34
m 10 15 34
m 10 19 34
y 10 21 25
y 10 15 0
y 10 19 45
m 20 66 88
m 20 40 88
m 20 48 88
y 20 63 118
y 20 40 0
y 20 48 190
m 30 116 148
m 30 71 148
m 30 77 148
y 30 115 207
y 30 71 0
y 30 77 435
m 40 163 216
m 40 100 216
m 40 116 216
y 40 163 444
y 40 100 0
y 40 116 780
m 50 228 286
m 50 133 286
m 50 153 286
y 50 219 640
y 50 133 0
y 50 153 1225
m 10 24 34
m 10 15 34
m 10 19 34
y 10 21 35
y 10 15 0
y 10 19 45
m 20 63 88
m 20 40 88
m 20 48 88
y 20 64 112
y 20 40 0
y 20 48 190
m 30 114 148
m 30 71 148
m 30 77 148
y 30 114 200
y 30 71 0
y 30 77 435
m 40 171 216
m 40 100 216
m 40 116 216
y 40 163 488
y 40 100 0
y 40 116 780
m 50 222 286
m 50 133 286
m 50 153 286
y 50 221 666
y 50 133 0
y 50 153 1225
m 10 22 34
m 10 15 34
m 10 19 34
y 10 24 23
y 10 15 0
y 10 19 45
m 20 56 88
m 20 40 88
m 20 48 88
y 20 66 89
y 20 40 0
y 20 48 190
m 30 110 148
m 30 71 148
m 30 77 148
y 30 108 258
y 30 71 0
y 30 77 435
m 40 167 216
m 40 100 216
m 40 116 216
y 40 167 423
y 40 100 0
y 40 116 780
m 50 223 286
m 50 133 286
m 50 153 286
y 50 224 708
y 50 133 0
y 50 153 1225
m 10 24 34
m 10 15 34
m 10 19 34
y 10 22 15
y 10 15 0
y 10 19 45
m 20 69 88
m 20 40 88
m 20 48 88
y 20 64 103
y 20 40 0
y 20 48 190
m 30 112 148
m 30 71 148
m 30 77 148
y 30 113 149
y 30 71 0
y 30 77 435
m 40 166 216
m 40 100 216
m 40 116 216
y 40 167 407
y 40 100 0
y 40 116 780
m 50 216 286
m 50 133 286
m 50 153 286
y 50 226 618
y 50 133 0
y 50 153 1225
m 10 24 34
m 10 15 34
m 10 19 34
y 10 25 25
y 10 15 0
y 10 19 45
m 20 62 88
m 20 40 88
m 20 48 88
y 20 65 97
y 20 40 0
y 20 48 190
m 30 115 148
m 30 71 148
m 30 77 148
y 30 115 212
y 30 71 0
y 30 77 435
m 40 168 216
m 40 100 216
m 40 116 216
y 40 172 379
y 40 100 0
y 40 116 780
m 50 216 286
m 50 133 286
m 50 153 286
y 50 228 679
y 50 133 0
y 50 153 1225
m 10 22 34
m 10 15 34
m 10 19 34
y 10 23 26
y 10 15 0
y 10 19 45
m 20 63 88
m 20 40 88
m 20 48 88
y 20 62 113
y 20 40 0
y 20 48 190
m 30 108 148
m 30 71 148
m 30 77 148
y 30 113 265
y 30 71 0
y 30 77 435
m 40 165 216
m 40 100 216
m 40 116 216
y 40 170 306
y 40 100 0
y 40 116 780
m 50 221 286
m 50 133 286
m 50 153 286
y 50 224 690
y 50 133 0
y 50 153 1225
m 10 21 34
m 10 15 34
m 10 19 34
y 10 22 27
y 10 15 0
y 10 19 45
m 20 64 88
m 20 40 88
m 20 48 88
y 20 66 115
y 20 40 0
y 20 48 190
m 30 115 148
m 30 71 148
m 30 77 148
y 30 110 276
y 30 71 0
y 30 77 435
m 40 169 216
m 40 100 216
m 40 116 216
y 40 172 399
y 40 100 0
y 40 116 780
m 50 219 286
m 50 133 286
m 50 153 286
y 50 222 500
y 50 133 0
y 50 153 1225
m 10 21 34
m 10 15 34
m 10 19 34
y 10 25 24
y 10 15 0
y 10 19 45
m 20 60 88
m 20 40 88
m 20 48 88
y 20 65 93
y 20 40 0
y 20 48 190
m 30 109 148
m 30 71 148
m 30 77 148
y 30 111 253
y 30 71 0
y 30 77 435
m 40 160 216
m 40 100 216
m 40 116 216
y 40 159 318
y 40 100 0
y 40 116 780
m 50 219 286
m 50 133 286
m 50 153 286
y 50 220 581
y 50 133 0
y 50 153 1225
m 10 23 34
m 10 15 34
m 10 19 34
y 10 22 27
y 10 15 0
y 10 19 45
m 20 67 88
m 20 40 88
m 20 48 88
y 20 61 90
y 20 40 0
y 20 48 190
m 30 111 148
m 30 71 148
m 30 77 148
y 30 114 223
y 30 71 0
y 30 77 435
m 40 167 216
m 40 100 216
m 40 116 216
y 40 166 446
y 40 100 0
y 40 116 780
m 50 226 286
m 50 133 286
m 50 153 286
y 50 223 614
y 50 133 0
y 50 153 1225
m 10 25 34
m 10 15 34
m 10 19 34
y 10 21 35
y 10 15 0
y 10 19 45
m 20 65 88
m 20 40 88
m 20 48 88
y 20 63 100
y 20 40 0
y 20 48 190
m 30 113 148
m 30 71 148
m 30 77 148
y 30 107 195
y 30 71 0
y 30 77 435
m 40 168 216
m 40 100 216
m 40 116 216
y 40 165 392
y 40 100 0
y 40 116 780
m 50 218 286
m 50 133 286
m 50 153 286
y 50 221 621
y 50 133 0
y 50 153 1225
m 10 24 34
m 10 15 34
m 10 19 34
y 10 21 25
y 10 15 0
y 10 19 45
m 20 65 88
m 20 40 88
m 20 48 88
y 20 61 107
y 20 40 0
y 20 48 190
m 30 113 148
m 30 71 148
m 30 77 148
y 30 109 212
y 30 71 0
y 30 77 435
m 40 161 216
m 40 100 216
m 40 116 216
y 40 168 368
y 40 100 0
y 40 116 780
m 50 217 286
m 50 133 286
m 50 153 286
y 50 227 571
y 50 133 0
y 50 153 1225
m 10 24 34
m 10 15 34
m 10 19 34
y 10 25 30
y 10 15 0
y 10 19 45
m 20 66 88
m 20 40 88
m 20 48 88
y 20 66 117
y 20 40 0
y 20 48 190
m 30 110 148
m 30 71 148
m 30 77 148
y 30 112 221
y 30 71 0
y 30 77 435
m 40 169 216
m 40 100 216
m 40 116 216
y 40 164 318
y 40 100 0
y 40 116 780
m 50 226 286
m 50 133 286
m 50 153 286
y 50 217 579
y 50 133 0
y 50 153 1225
m 10 22 34
m 10 15 34
m 10 19 34
y 10 22 18
y 10 15 0
y 10 19 45
m 20 64 88
m 20 40 88
m 20 48 88
y 20 62 80
y 20 40 0
y 20 48 190
m 30 110 148
m 30 71 148
m 30 77 148
y 30 109 184
y 30 71 0
y 30 77 435
m 40 157 216
m 40 100 216
m 40 116 216
y 40 166 334
y 40 100 0
y 40 116 780
m 50 219 286
m 50 133 286
m 50 153 286
y 50 222 619
y 50 133 0
y 50 153 1225
m 10 22 34
m 10 15 34
m 10 19 34
y 10 23 22
y 10 15 0
y 10 19 45
m 20 63 88
m 20 40 88
m 20 48 88
y 20 63 105
y 20 40 0
y 20 48 190
m 30 112 148
m 30 71 148
m 30 77 148
y 30 111 183
y 30 71 0
y 30 77 435
m 40 169 216
m 40 100 216
m 40 116 216
y 40 161 477
y 40 100 0
y 40 116 780
m 50 224 286
m 50 133 286
m 50 153 286
y 50 228 655
y 50 133 0
y 50 153 1225
m 10 23 34
m 10 15 34
m 10 19 34
y 10 25 27
y 10 15 0
y 10 19 45
m 20 66 88
m 20 40 88
m 20 48 88
y 20 64 86
y 20 40 0
y 20 48 190
m 30 111 148
m 30 71 148
m 30 77 148
y 30 109 232
y 30 71 0
y 30 77 435
m 40 164 216
m 40 100 216
m 40 116 216
y 40 165 459
y 40 100 0
y 40 116 780
m 50 222 286
m 50 133 286
m 50 153 286
y 50 218 636
y 50 133 0
y 50 153 1225
m 10 25 34
m 10 15 34
m 10 19 34
y 10 21 19
y 10 15 0
y 10 19 45
m 20 63 88
m 20 40 88
m 20 48 88
y 20 63 96
y 20 40 0
y 20 48 190
m 30 112 148
m 30 71 148
m 30 77 148
y 30 111 180
y 30 71 0
y 30 77 435
m 40 161 216
m 40 100 216
m 40 116 216
y 40 166 398
y 40 100 0
y 40 116 780
m 50 219 286
m 50 133 286
m 50 153 286
y 50 224 675
y 50 133 0
y 50 153 1225
m 10 23 34
m 10 15 34
m 10 19 34
y 10 22 30
y 10 15 0
y 10 19 45
m 20 64 88
m 20 40 88
m 20 48 88
y 20 64 108
y 20 40 0
y 20 48 190
m 30 117 148
m 30 71 148
m 30 77 148
y 30 110 180
y 30 71 0
y 30 77 435
m 40 164 216
m 40 100 216
m 40 116 216
y 40 168 340
y 40 100 0
y 40 116 780
m 50 223 286
m 50 133 286
m 50 153 286
y 50 224 664
y 50 133 0
y 50 153 1225
m 10 23 34
m 10 15 34
m 10 19 34
y 10 23 14
y 10 15 0
y 10 19 45
m 20 63 88
m 20 40 88
m 20 48 88
y 20 64 101
y 20 40 0
y 20 48 190
m 30 107 148
m 30 71 148
m 30 77 148
y 30 115 219
y 30 71 0
y 30 77 435
m 40 171 216
m 40 100 216
m 40 116 216
y 40 165 445
y 40 100 0
y 40 116 780
m 50 222 286
m 50 133 286
m 50 153 286
y 50 225 689
y 50 133 0
y 50 153 1225
m 10 24 34
m 10 15 34
m 10 19 34
y 10 24 23
y 10 15 0
y 10 19 45
m 20 65 88
m 20 40 88
m 20 48 88
y 20 63 106
y 20 40 0
y 20 48 190
m 30 111 148
m 30 71 148
m 30 77 148
y 30 114 189
y 30 71 0
y 30 77 435
m 40 171 216
m 40 100 216
m 40 116 216
y 40 164 355
y 40 100 0
y 40 116 780
m 50 222 286
m 50 133 286
m 50 153 286
y 50 224 644
y 50 133 0
y 50 153 1225
m 10 22 34
m 10 15 34
m 10 19 34
y 10 22 40
y 10 15 0
y 10 19 45
m 20 62 88
m 20 40 88
m 20 48 88
y 20 62 65
y 20 40 0
y 20 48 190
m 30 110 148
m 30 71 148
m 30 77 148
y 30 117 271
y 30 71 0
y 30 77 435
m 40 163 216
m 40 100 216
m 40 116 216
y 40 168 440
y 40 100 0
y 40 116 780
m 50 228 286
m 50 133 286
m 50 153 286
y 50 225 583
y 50 133 0
y 50 153 1225
m 10 23 34
m 10 15 34
m 10 19 34
y 10 23 29
y 10 15 0
y 10 19 45
m 20 65 88
m 20 40 88
m 20 48 88
y 20 63 70
y 20 40 0
y 20 48 190
m 30 109 148
m 30 71 148
m 30 77 148
y 30 109 238
y 30 71 0
y 30 77 435
m 40 163 216
m 40 100 216
m 40 116 216
y 40 169 393
y 40 100 0
y 40 116 780
m 50 222 286
m 50 133 286
m 50 153 286
y 50 222 604
y 50 133 0
y 50 153 1225
m 10 22 34
m 10 15 34
m 10 19 34
y 10 23 28
y 10 15 0
y 10 19 45
m 20 65 88
m 20 40 88
m 20 48 88
y 20 61 85
y 20 40 0
y 20 48 190
m 30 111 148
m 30 71 148
m 30 77 148
y 30 113 245
y 30 71 0
y 30 77 435
m 40 167 216
m 40 100 216
m 40 116 216
y 40 166 361
y 40 100 0
y 40 116 780
m 50 226 286
m 50 133 286
m 50 153 286
y 50 219 644
y 50 133 0
y 50 153 1225
m 10 22 34
m 10 15 34
m 10 19 34
y 10 22 16
y 10 15 0
y 10 19 45
m 20 63 88
m 20 40 88
m 20 48 88
y 20 61 122
y 20 40 0
y 20 48 190
m 30 112 148
m 30 71 148
m 30 77 148
y 30 112 216
y 30 71 0
y 30 77 435
m 40 169 216
m 40 100 216
m 40 116 216
y 40 167 470
y 40 100 0
y 40 116 780
m 50 225 286
m 50 133 286
m 50 153 286
y 50 227 643
y 50 133 0
y 50 153 1225
m 10 22 34
m 10 15 34
m 10 19 34
y 10 22 18
y 10 15 0
y 10 19 45
m 20 62 88
m 20 40 88
m 20 48 88
y 20 61 98
y 20 40 0
y 20 48 190
m 30 107 148
m 30 71 148
m 30 77 148
y 30 110 169
y 30 71 0
y 30 77 435
m 40 163 216
m 40 100 216
m 40 116 216
y 40 158 435
y 40 100 0
y 40 116 780
m 50 221 286
m 50 133 286
m 50 153 286
y 50 225 616
y 50 133 0
y 50 153 1225
m 10 24 34
m 10 15 34
m 10 19 34
y 10 22 16
y 10 15 0
y 10 19 45
m 20 57 88
m 20 40 88
m 20 48 88
y 20 64 110
y 20 40 0
y 20 48 190
m 30 108 148
m 30 71 148
m 30 77 148
y 30 117 182
y 30 71 0
y 30 77 435
m 40 168 216
m 40 100 216
m 40 116 216
y 40 170 340
y 40 100 0
y 40 116 780
m 50 221 286
m 50 133 286
m 50 153 286
y 50 222 593
y 50 133 0
y 50 153 1225
m 10 20 34
m 10 15 34
m 10 19 34
y 10 21 29
y 10 15 0
y 10 19 45
m 20 60 88
m 20 40 88
m 20 48 88
y 20 67 96
y 20 40 0
y 20 48 190
m 30 112 148
m 30 71 148
m 30 77 148
y 30 113 209
y 30 71 0
y 30 77 435
m 40 169 216
m 40 100 216
m 40 116 216
y 40 164 337
y 40 100 0
y 40 116 780
m 50 225 286
m 50 133 286
m 50 153 286
y 50 221 581
y 50 133 0
y 50 153 1225
m 10 25 34
m 10 15 34
m 10 19 34
y 10 22 20
y 10 15 0
y 10 19 45
m 20 66 88
m 20 40 88
m 20 48 88
y 20 64 66
y 20 40 0
y 20 48 190
m 30 110 148
m 30 71 148
m 30 77 148
y 30 112 205
y 30 71 0
y 30 77 435
m 40 161 216
m 40 100 216
m 40 116 216
y 40 160 385
y 40 100 0
y 40 116 780
m 50 223 286
m 50 133 286
m 50 153 286
y 50 222 565
y 50 133 0
y 50 153 1225
m 10 18 34
m 10 15 34
m 10 19 34
y 10 23 31
y 10 15 0
y 10 19 45
m 20 60 88
m 20 40 88
m 20 48 88
y 20 64 113
y 20 40 0
y 20 48 190
m 30 110 148
m 30 71 148
m 30 77 148
y 30 111 224
y 30 71 0
y 30 77 435
m 40 162 216
m 40 100 216
m 40 116 216
y 40 169 429
y 40 100 0
y 40 116 780
m 50 214 286
m 50 133 286
m 50 153 286
y 50 229 739
y 50 133 0
y 50 153 1225
m 10 22 34
m 10 15 34
m 10 19 34
y 10 24 29
y 10 15 0
y 10 19 45
m 20 58 88
m 20 40 88
m 20 48 88
y 20 62 105
y 20 40 0
y 20 48 190
m 30 108 148
m 30 71 148
m 30 77 148
y 30 115 206
y 30 71 0
y 30 77 435
m 40 164 216
m 40 100 216
m 40 116 216
y 40 162 355
y 40 100 0
y 40 116 780
m 50 212 286
m 50 133 286
m 50 153 286
y 50 224 647
y 50 133 0
y 50 153 1225
m 10 22 34
m 10 15 34
m 10 19 34
y 10 23 32
y 10 15 0
y 10 19 45
m 20 66 88
m 20 40 88
m 20 48 88
y 20 63 107
y 20 40 0
y 20 48 190
m 30 117 148
m 30 71 148
m 30 77 148
y 30 109 239
y 30 71 0
y 30 77 435
m 40 166 216
m 40 100 216
m 40 116 216
y 40 168 412
y 40 100 0
y 40 116 780
m 50 220 286
m 50 133 286
m 50 153 286
y 50 218 584
y 50 133 0
y 50 153 1225
m 10 23 34
m 10 15 34
m 10 19 34
y 10 21 20
y 10 15 0
y 10 19 45
m 20 63 88
m 20 40 88
m 20 48 88
y 20 60 103
y 20 40 0
y 20 48 190
m 30 115 148
m 30 71 148
m 30 77 148
y 30 111 217
y 30 71 0
y 30 77 435
m 40 164 216
m 40 100 216
m 40 116 216
y 40 166 375
y 40 100 0
y 40 116 780
m 50 216 286
m 50 133 286
m 50 153 286
y 50 219 657
y 50 133 0
y 50 153 1225
m 10 24 34
m 10 15 34
m 10 19 34
y 10 23 29
y 10 15 0
y 10 19 45
m 20 61 88
m 20 40 88
m 20 48 88
y 20 63 87
y 20 40 0
y 20 48 190
m 30 109 148
m 30 71 148
m 30 77 148
y 30 109 188
y 30 71 0
y 30 77 435
m 40 164 216
m 40 100 216
m 40 116 216
y 40 167 405
y 40 100 0
y 40 116 780
m 50 229 286
m 50 133 286
m 50 153 286
y 50 232 572
y 50 133 0
y 50 153 1225
m 10 22 34
m 10 15 34
m 10 19 34
y 10 23 23
y 10 15 0
y 10 19 45
m 20 63 88
m 20 40 88
m 20 48 88
y 20 60 90
y 20 40 0
y 20 48 190
m 30 108 148
m 30 71 148
m 30 77 148
y 30 114 207
y 30 71 0
y 30 77 435
m 40 165 216
m 40 100 216
m 40 116 216
y 40 166 421
y 40 100 0
y 40 116 780
m 50 225 286
m 50 133 286
m 50 153 286
y 50 227 559
y 50 133 0
y 50 153 1225
m 10 24 34
m 10 15 34
m 10 19 34
y 10 23 22
y 10 15 0
y 10 19 45
m 20 64 88
m 20 40 88
m 20 48 88
y 20 67 95
y 20 40 0
y 20 48 190
m 30 113 148
m 30 71 148
m 30 77 148
y 30 108 265
y 30 71 0
y 30 77 435
m 40 163 216
m 40 100 216
m 40 116 216
y 40 168 381
y 40 100 0
y 40 116 780
m 50 224 286
m 50 133 286
m 50 153 286
y 50 218 670
y 50 133 0
y 50 153 1225
m 10 22 34
m 10 15 34
m 10 19 34
y 10 22 36
y 10 15 0
y 10 19 45
m 20 68 88
m 20 40 88
m 20 48 88
y 20 60 94
y 20 40 0
y 20 48 190
m 30 114 148
m 30 71 148
m 30 77 148
y 30 115 228
y 30 71 0
y 30 77 435
m 40 170 216
m 40 100 216
m 40 116 216
y 40 162 405
y 40 100 0
y 40 116 780
m 50 219 286
m 50 133 286
m 50 153 286
y 50 221 674
y 50 133 0
y 50 153 1225
m 10 22 34
m 10 15 34
m 10 19 34
y 10 24 27
y 10 15 0
y 10 19 45
m 20 64 88
m 20 40 88
m 20 48 88
y 20 64 107
y 20 40 0
y 20 48 190
m 30 108 148
m 30 71 148
m 30 77 148
y 30 110 212
y 30 71 0
y 30 77 435
m 40 170 216
m 40 100 216
m 40 116 216
y 40 163 387
y 40 100 0
y 40 116 780
m 50 229 286
m 50 133 286
m 50 153 286
y 50 228 549
y 50 133 0
y 50 153 1225
m 10 22 34
m 10 15 34
m 10 19 34
y 10 24 30
y 10 15 0
y 10 19 45
m 20 65 88
m 20 40 88
m 20 48 88
y 20 64 106
y 20 40 0
y 20 48 190
m 30 110 148
m 30 71 148
m 30 77 148
y 30 113 250
y 30 71 0
y 30 77 435
m 40 160 216
m 40 100 216
m 40 116 216
y 40 169 475
y 40 100 0
y 40 116 780
m 50 217 286
m 50 133 286
m 50 153 286
y 50 224 617
y 50 133 0
y 50 153 1225
m 10 22 34
m 10 15 34
m 10 19 34
y 10 24 32
y 10 15 0
y 10 19 45
m 20 65 88
m 20 40 88
m 20 48 88
y 20 58 134
y 20 40 0
y 20 48 190
m 30 114 148
m 30 71 148
m 30 77 148
y 30 112 215
y 30 71 0
y 30 77 435
m 40 160 216
m 40 100 216
m 40 116 216
y 40 168 319
y 40 100 0
y 40 116 780
m 50 218 286
m 50 133 286
m 50 153 286
y 50 223 729
y 50 133 0
y 50 153 1225
m 10 24 34
m 10 15 34
m 10 19 34
y 10 25 19
y 10 15 0
y 10 19 45
m 20 65 88
m 20 40 88
m 20 48 88
y 20 64 94
y 20 40 0
y 20 48 190
m 30 110 148
m 30 71 148
m 30 77 148
y 30 108 271
y 30 71 0
y 30 77 435
m 40 164 216
m 40 100 216
m 40 116 216
y 40 165 396
y 40 100 0
y 40 116 780
m 50 223 286
m 50 133 286
m 50 153 286
y 50 225 529
y 50 133 0
y 50 153 1225
m 10 25 34
m 10 15 34
m 10 19 34
y 10 22 18
y 10 15 0
y 10 19 45
m 20 65 88
m 20 40 88
m 20 48 88
y 20 63 111
y 20 40 0
y 20 48 190
m 30 109 148
m 30 71 148
m 30 77 148
y 30 113 207
y 30 71 0
y 30 77 435
m 40 172 216
m 40 100 216
m 40 116 216
y 40 168 496
y 40 100 0
y 40 116 780
m 50 224 286
m 50 133 286
m 50 153 286
y 50 231 727
y 50 133 0
y 50 153 1225
m 10 24 34
m 10 15 34
m 10 19 34
y 10 21 25
y 10 15 0
y 10 19 45
m 20 58 88
m 20 40 88
m 20 48 88
y 20 62 85
y 20 40 0
y 20 48 190
m 30 111 148
m 30 71 148
m 30 77 148
y 30 112 230
y 30 71 0
y 30 77 435
m 40 160 216
m 40 100 216
m 40 116 216
y 40 171 359
y 40 100 0
y 40 116 780
m 50 223 286
m 50 133 286
m 50 153 286
y 50 227 565
y 50 133 0
y 50 153 1225
m 10 25 34
m 10 15 34
m 10 19 34
y 10 23 24
y 10 15 0
y 10 19 45
m 20 64 88
m 20 40 88
m 20 48 88
y 20 60 97
y 20 40 0
y 20 48 190
m 30 108 148
m 30 71 148
m 30 77 148
y 30 114 259
y 30 71 0
y 30 77 435
m 40 169 216
m 40 100 216
m 40 116 216
y 40 167 374
y 40 100 0
y 40 116 780
m 50 220 286
m 50 133 286
m 50 153 286
y 50 225 588
y 50 133 0
y 50 153 1225
m 10 25 34
m 10 15 34
m 10 19 34
y 10 25 26
y 10 15 0
y 10 19 45
m 20 65 88
m 20 40 88
m 20 48 88
y 20 63 122
y 20 40 0
y 20 48 190
m 30 116 148
m 30 71 148
m 30 77 148
y 30 115 253
y 30 71 0
y 30 77 435
m 40 168 216
m 40 100 216
m 40 116 216
y 40 167 441
y 40 100 0
y 40 116 780
m 50 226 286
m 50 133 286
m 50 153 286
y 50 223 607
y 50 133 0
y 50 153 1225
m 10 21 34
m 10 15 34
m 10 19 34
y 10 22 17
y 10 15 0
y 10 19 45
m 20 66 88
m 20 40 88
m 20 48 88
y 20 64 97
y 20 40 0
y 20 48 190
m 30 111 148
m 30 71 148
m 30 77 148
y 30 113 225
y 30 71 0
y 30 77 435
m 40 170 216
m 40 100 216
m 40 116 216
y 40 162 403
y 40 100 0
y 40 116 780
m 50 224 286
m 50 133 286
m 50 153 286
y 50 223 691
y 50 133 0
y 50 153 1225
m 10 22 34
m 10 15 34
m 10 19 34
y 10 24 31
y 10 15 0
y 10 19 45
m 20 65 88
m 20 40 88
m 20 48 88
y 20 64 115
y 20 40 0
y 20 48 190
m 30 116 148
m 30 71 148
m 30 77 148
y 30 112 229
y 30 71 0
y 30 77 435
m 40 167 216
m 40 100 216
m 40 116 216
y 40 170 450
y 40 100 0
y 40 116 780
m 50 226 286
m 50 133 286
m 50 153 286
y 50 226 691
y 50 133 0
y 50 153 1225
m 10 25 34
m 10 15 34
m 10 19 34
y 10 25 26
y 10 15 0
y 10 19 45
m 20 61 88
m 20 40 88
m 20 48 88
y 20 65 103
y 20 40 0
y 20 48 190
m 30 106 148
m 30 71 148
m 30 77 148
y 30 107 232
y 30 71 0
y 30 77 435
m 40 169 216
m 40 100 216
m 40 116 216
y 40 165 425
y 40 100 0
y 40 116 780
m 50 220 286
m 50 133 286
m 50 153 286
y 50 224 653
y 50 133 0
y 50 153 1225
m 10 23 34
m 10 15 34
m 10 19 34
y 10 25 26
y 10 15 0
y 10 19 45
m 20 60 88
m 20 40 88
m 20 48 88
y 20 62 116
y 20 40 0
y 20 48 190
m 30 118 148
m 30 71 148
m 30 77 148
y 30 112 215
y 30 71 0
y 30 77 435
m 40 169 216
m 40 100 216
m 40 116 216
y 40 170 358
y 40 100 0
y 40 116 780
m 50 221 286
m 50 133 286
m 50 153 286
y 50 225 626
y 50 133 0
y 50 153 1225
m 10 22 34
m 10 15 34
m 10 19 34
y 10 22 16
y 10 15 0
y 10 19 45
m 20 59 88
m 20 40 88
m 20 48 88
y 20 68 117
y 20 40 0
y 20 48 190
m 30 110 148
m 30 71 148
m 30 77 148
y 30 110 224
y 30 71 0
y 30 77 435
m 40 158 216
m 40 100 216
m 40 116 216
y 40 168 391
y 40 100 0
y 40 116 780
m 50 223 286
m 50 133 286
m 50 153 286
y 50 224 687
y 50 133 0
y 50 153 1225
m 10 23 34
m 10 15 34
m 10 19 34
y 10 22 25
y 10 15 0
y 10 19 45
m 20 67 88
m 20 40 88
m 20 48 88
y 20 61 99
y 20 40 0
y 20 48 190
m 30 115 148
m 30 71 148
m 30 77 148
y 30 116 225
y 30 71 0
y 30 77 435
m 40 161 216
m 40 100 216
m 40 116 216
y 40 167 460
y 40 100 0
y 40 116 780
m 50 222 286
m 50 133 286
m 50 153 286
y 50 226 687
y 50 133 0
y 50 153 1225
m 10 24 34
m 10 15 34
m 10 19 34
y 10 25 27
y 10 15 0
y 10 19 45
m 20 64 88
m 20 40 88
m 20 48 88
y 20 63 119
y 20 40 0
y 20 48 190
m 30 114 148
m 30 71 148
m 30 77 148
y 30 102 255
y 30 71 0
y 30 77 435
m 40 162 216
m 40 100 216
m 40 116 216
y 40 160 324
y 40 100 0
y 40 116 780
m 50 219 286
m 50 133 286
m 50 153 286
y 50 216 647
y 50 133 0
y 50 153 1225
m 10 20 34
m 10 15 34
m 10 19 34
y 10 23 17
y 10 15 0
y 10 19 45
m 20 66 88
m 20 40 88
m 20 48 88
y 20 65 100
y 20 40 0
y 20 48 190
m 30 111 148
m 30 71 148
m 30 77 148
y 30 108 249
y 30 71 0
y 30 77 435
m 40 167 216
m 40 100 216
m 40 116 216
y 40 167 327
y 40 100 0
y 40 116 780
m 50 223 286
m 50 133 286
m 50 153 286
y 50 229 619
y 50 133 0
y 50 153 1225
m 10 25 34
m 10 15 34
m 10 19 34
y 10 25 32
y 10 15 0
y 10 19 45
m 20 61 88
m 20 40 88
m 20 48 88
y 20 64 153
y 20 40 0
y 20 48 190
m 30 114 148
m 30 71 148
m 30 77 148
y 30 112 225
y 30 71 0
y 30 77 435
m 40 164 216
m 40 100 216
m 40 116 216
y 40 168 392
y 40 100 0
y 40 116 780
m 50 225 286
m 50 133 286
m 50 153 286
y 50 220 645
y 50 133 0
y 50 153 1225
m 10 24 34
m 10 15 34
m 10 19 34
y 10 25 23
y 10 15 0
y 10 19 45
m 20 65 88
m 20 40 88
m 20 48 88
y 20 68 95
y 20 40 0
y 20 48 190
m 30 113 148
m 30 71 148
m 30 77 148
y 30 114 170
y 30 71 0
y 30 77 435
m 40 166 216
m 40 100 216
m 40 116 216
y 40 162 305
y 40 100 0
y 40 116 780
m 50 216 286
m 50 133 286
m 50 153 286
y 50 220 737
y 50 133 0
y 50 153 1225
m 10 20 34
m 10 15 34
m 10 19 34
y 10 19 12
y 10 15 0
y 10 19 45
m 20 62 88
m 20 40 88
m 20 48 88
y 20 64 78
y 20 40 0
y 20 48 190
m 30 114 148
m 30 71 148
m 30 77 148
y 30 107 181
y 30 71 0
y 30 77 435
m 40 169 216
m 40 100 216
m 40 116 216
y 40 168 377
y 40 100 0
y 40 116 780
m 50 221 286
m 50 133 286
m 50 153 286
y 50 213 715
y 50 133 0
y 50 153 1225
m 10 25 34
m 10 15 34
m 10 19 34
y 10 25 28
y 10 15 0
y 10 19 45
m 20 66 88
m 20 40 88
m 20 48 88
y 20 60 42
y 20 40 0
y 20 48 190
m 30 113 148
m 30 71 148
m 30 77 148
y 30 110 268
y 30 71 0
y 30 77 435
m 40 157 216
m 40 100 216
m 40 116 216
y 40 166 361
y 40 100 0
y 40 116 780
m 50 220 286
m 50 133 286
m 50 153 286
y 50 223 541
y 50 133 0
y 50 153 1225
m 10 21 34
m 10 15 34
m 10 19 34
y 10 23 22
y 10 15 0
y 10 19 45
m 20 63 88
m 20 40 88
m 20 48 88
y 20 66 116
y 20 40 0
y 20 48 190
m 30 113 148
m 30 71 148
m 30 77 148
y 30 111 181
y 30 71 0
y 30 77 435
m 40 165 216
m 40 100 216
m 40 116 216
y 40 164 441
y 40 100 0
y 40 116 780
m 50 221 286
m 50 133 286
m 50 153 286
y 50 221 693
y 50 133 0
y 50 153 1225
m 10 23 34
m 10 15 34
m 10 19 34
y 10 22 30
y 10 15 0
y 10 19 45
m 20 65 88
m 20 40 88
m 20 48 88
y 20 62 89
y 20 40 0
y 20 48 190
m 30 113 148
m 30 71 148
m 30 77 148
y 30 111 231
y 30 71 0
y 30 77 435
m 40 169 216
m 40 100 216
m 40 116 216
y 40 171 377
y 40 100 0
y 40 116 780
m 50 223 286
m 50 133 286
m 50 153 286
y 50 222 557
y 50 133 0
y 50 153 1225
m 10 24 34
m 10 15 34
m 10 19 34
y 10 24 23
y 10 15 0
y 10 19 45
m 20 65 88
m 20 40 88
m 20 48 88
y 20 65 97
y 20 40 0
y 20 48 190
m 30 112 148
m 30 71 148
m 30 77 148
y 30 112 249
y 30 71 0
y 30 77 435
m 40 167 216
m 40 100 216
m 40 116 216
y 40 164 378
y 40 100 0
y 40 116 780
m 50 223 286
m 50 133 286
m 50 153 286
y 50 223 557
y 50 133 0
y 50 153 1225
m 10 24 34
m 10 15 34
m 10 19 34
y 10 23 21
y 10 15 0
y 10 19 45
m 20 62 88
m 20 40 88
m 20 48 88
y 20 64 77
y 20 40 0
y 20 48 190
m 30 112 148
m 30 71 148
m 30 77 148
y 30 113 189
y 30 71 0
y 30 77 435
m 40 168 216
m 40 100 216
m 40 116 216
y 40 166 403
y 40 100 0
y 40 116 780
m 50 221 286
m 50 133 286
m 50 153 286
y 50 227 550
y 50 133 0
y 50 153 1225
m 10 23 34
m 10 15 34
m 10 19 34
y 10 23 28
y 10 15 0
y 10 19 45
m 20 62 88
m 20 40 88
m 20 48 88
y 20 62 100
y 20 40 0
y 20 48 190
m 30 112 148
m 30 71 148
m 30 77 148
y 30 108 230
y 30 71 0
y 30 77 435
m 40 169 216
m 40 100 216
m 40 116 216
y 40 169 424
y 40 100 0
y 40 116 780
m 50 227 286
m 50 133 286
m 50 153 286
y 50 223 597
y 50 133 0
y 50 153 1225
m 10 20 34
m 10 15 34
m 10 19 34
y 10 21 20
y 10 15 0
y 10 19 45
m 20 68 88
m 20 40 88
m 20 48 88
y 20 66 85
y 20 40 0
y 20 48 190
m 30 113 148
m 30 71 148
m 30 77 148
y 30 111 174
y 30 71 0
y 30 77 435
m 40 165 216
m 40 100 216
m 40 116 216
y 40 165 445
y 40 100 0
y 40 116 780
m 50 223 286
m 50 133 286
m 50 153 286
y 50 214 627
y 50 133 0
y 50 153 1225
m 10 23 34
m 10 15 34
m 10 19 34
y 10 22 18
y 10 15 0
y 10 19 45
m 20 66 88
m 20 40 88
m 20 48 88
y 20 65 106
y 20 40 0
y 20 48 190
m 30 110 148
m 30 71 148
m 30 77 148
y 30 111 237
y 30 71 0
y 30 77 435
m 40 165 216
m 40 100 216
m 40 116 216
y 40 161 342
y 40 100 0
y 40 116 780
m 50 221 286
m 50 133 286
m 50 153 286
y 50 222 655
y 50 133 0
y 50 153 1225
m 10 23 34
m 10 15 34
m 10 19 34
y 10 20 29
y 10 15 0
y 10 19 45
m 20 66 88
m 20 40 88
m 20 48 88
y 20 64 105
y 20 40 0
y 20 48 190
m 30 117 148
m 30 71 148
m 30 77 148
y 30 113 233
y 30 71 0
y 30 77 435
m 40 164 216
m 40 100 216
m 40 116 216
y 40 163 480
y 40 100 0
y 40 116 780
m 50 220 286
m 50 133 286
m 50 153 286
y 50 223 572
y 50 133 0
y 50 153 1225
m 10 22 34
m 10 15 34
m 10 19 34
y 10 24 31
y 10 15 0
y 10 19 45
m 20 66 88
m 20 40 88
m 20 48 88
y 20 62 115
y 20 40 0
y 20 48 190
m 30 113 148
m 30 71 148
m 30 77 148
y 30 114 277
y 30 71 0
y 30 77 435
m 40 167 216
m 40 100 216
m 40 116 216
y 40 171 385
y 40 100 0
y 40 116 780
m 50 226 286
m 50 133 286
m 50 153 286
y 50 220 630
y 50 133 0
y 50 153 1225
m 10 25 34
m 10 15 34
m 10 19 34
y 10 22 17
y 10 15 0
y 10 19 45
m 20 60 88
m 20 40 88
m 20 48 88
y 20 63 92
y 20 40 0
y 20 48 190
m 30 110 148
m 30 71 148
m 30 77 148
y 30 115 221
y 30 71 0
y 30 77 435
m 40 168 216
m 40 100 216
m 40 116 216
y 40 163 351
y 40 100 0
y 40 116 780
m 50 220 286
m 50 133 286
m 50 153 286
y 50 224 630
y 50 133 0
y 50 153 1225
